=== CBC-Anemia Data Analysis Report ===
Total samples: 75000

Unique classes and counts:
  - Anemia Aplastyczna: 15000
  - Anemia Hemolityczna: 15000
  - Anemia Mikrocytarna: 15000
  - Anemia Normocytarna: 15000
  - Healthy: 15000

Overall descriptive statistics:
        count        mean        std        min         25%         50%         75%         max
HCT   75000.0   32.892187   2.433128  21.506615   31.298354   33.002547   34.597329   42.448280
HGB   75000.0   10.614568   0.781073   6.915038   10.097204   10.648506   11.168927   13.411464
MCH   75000.0   30.098434   1.283687  24.780027   29.225368   30.122982   30.989463   34.794540
MCHC  75000.0   32.857976   0.521579  30.298002   32.514925   32.873134   33.215471   35.085460
MCV   75000.0   91.350008   3.257345  78.601980   89.127139   91.437033   93.600719  104.764130
PLT   75000.0  220.047659  30.501777  73.098450  200.429105  221.256540  240.677642  339.644560
RBC   75000.0    3.663768   0.345990   2.101703    3.434725    3.674480    3.905951    4.973038
RDW   75000.0   23.553911   3.468469  11.017762   21.132678   23.356234   25.755230   42.441563
WBC   75000.0   11.461553   2.027831   6.302189    9.959799   11.111327   12.630971   23.114230

Descriptive statistics by class:
-- Anemia Aplastyczna --
        count        mean        std        min         25%         50%         75%         max
HCT   15000.0   32.825095   2.453291  23.075472   31.244080   32.939379   34.547556   42.448280
HGB   15000.0   10.673668   0.745844   7.859736   10.188133   10.709810   11.201700   13.275314
MCH   15000.0   30.474519   1.187445  25.953085   29.662074   30.490538   31.289701   34.702568
MCHC  15000.0   33.018215   0.447290  30.937859   32.727206   33.021762   33.315400   34.614900
MCV   15000.0   91.797812   3.127010  80.478330   89.687079   91.897205   93.960392  103.983410
PLT   15000.0  213.535985  29.660077  73.098450  194.531897  215.077875  233.446093  318.148400
RBC   15000.0    3.615734   0.341712   2.340248    3.389132    3.628115    3.856216    4.973038
RDW   15000.0   23.487231   3.229700  13.144381   21.238924   23.292786   25.536043   40.381897
WBC   15000.0   11.653138   1.875118   7.406689   10.271565   11.336541   12.751190   21.692112
-- Anemia Hemolityczna --
        count        mean        std        min         25%         50%         75%         max
HCT   15000.0   32.502704   2.318475  21.949991   30.954738   32.599317   34.133073   40.567986
HGB   15000.0   10.446394   0.771349   6.915038    9.926130   10.481902   10.990008   12.916514
MCH   15000.0   29.966210   1.294806  25.593674   29.079001   29.980687   30.861417   34.450867
MCHC  15000.0   32.745056   0.509124  30.829912   32.404263   32.751377   33.097603   34.668465
MCV   15000.0   91.482643   3.225248  79.274770   89.271803   91.578982   93.733950  103.281870
PLT   15000.0  212.610064  29.551308  89.907670  193.384878  213.986910  233.064115  321.785860
RBC   15000.0    3.684933   0.337324   2.177288    3.455226    3.696115    3.922990    4.914411
RDW   15000.0   24.669528   3.489323  12.985447   22.193483   24.415508   26.923425   42.441563
WBC   15000.0   12.809161   2.144835   8.111980   11.205034   12.520307   14.119943   23.114230
-- Anemia Mikrocytarna --
        count        mean        std        min         25%         50%         75%         max
HCT   15000.0   32.561377   2.491381  22.212849   30.896085   32.669268   34.308946   40.834946
HGB   15000.0   10.503883   0.797464   6.980568    9.963160   10.531118   11.070654   13.013759
MCH   15000.0   29.743680   1.322949  24.780027   28.843078   29.736824   30.658213   34.794540
MCHC  15000.0   32.592125   0.535161  30.298002   32.229723   32.589944   32.962187   34.671410
MCV   15000.0   90.751932   3.319215  79.077410   88.455196   90.772527   93.014780  104.586410
PLT   15000.0  234.285030  29.086057  95.594710  215.842080  235.311495  253.898387  338.146100
RBC   15000.0    3.633020   0.348420   2.101703    3.397550    3.640451    3.875299    4.839425
RDW   15000.0   24.013810   3.430835  13.412836   21.622914   23.817332   26.219547   38.161407
WBC   15000.0   11.423024   1.886807   7.511833   10.025014   11.088780   12.492213   20.731693
-- Anemia Normocytarna --
        count        mean        std        min         25%         50%         75%         max
HCT   15000.0   32.960439   2.451144  21.506615   31.326647   33.037627   34.697355   41.211628
HGB   15000.0   10.620358   0.792110   7.018866   10.088739   10.649919   11.185841   13.165038
MCH   15000.0   30.360753   1.228587  26.089634   29.521543   30.375540   31.211016   34.755500
MCHC  15000.0   32.883610   0.471316  30.907377   32.573573   32.887613   33.201621   34.691470
MCV   15000.0   92.143362   3.145042  81.068850   89.992478   92.227212   94.279333  104.073570
PLT   15000.0  213.647398  30.033053  89.955570  193.562258  214.728830  234.108148  339.644560
RBC   15000.0    3.653298   0.364568   2.142097    3.409165    3.660608    3.910907    4.879624
RDW   15000.0   23.924256   3.297811  13.586632   21.640307   23.741532   26.002902   39.010940
WBC   15000.0   10.936299   1.738106   6.918271    9.651138   10.643349   11.913318   19.939808
-- Healthy --
        count        mean        std        min         25%         50%         75%         max
HCT   15000.0   33.611320   2.281578  23.266525   32.155307   33.737042   35.181939   41.521744
HGB   15000.0   10.828536   0.738942   7.496729   10.349853   10.871664   11.345398   13.411464
MCH   15000.0   29.947011   1.231664  25.399656   29.105845   29.961513   30.779843   34.419754
MCHC  15000.0   33.050875   0.495481  30.883095   32.720154   33.059323   33.388756   35.085460
MCV   15000.0   90.574291   3.187211  78.601980   88.387006   90.612445   92.734862  104.764130
PLT   15000.0  226.159817  27.790064  99.384220  208.410420  227.137805  244.958822  320.474580
RBC   15000.0    3.731854   0.324451   2.176086    3.523593    3.741980    3.956061    4.830718
RDW   15000.0   21.674730   3.126129  11.017762   19.476063   21.487073   23.623884   36.802200
WBC   15000.0   10.486142   1.668053   6.302189    9.272224   10.178325   11.377642   19.399000
